-- Body 1 --
Reactive Matrix
(563824,0) (0,0) (4.23,0) (-10.34,0) (0,0) (1.2,0)
(0,0) (563823,0) (9.81,0) (-0.01,0) (0,0) (0,0)
(2,0) (0,0) (563833,0) (-20,0) (0,0) (3,0)
(0,0) (0,0) (0,0) (2.32e+008,0) (6.52e+009,0) (-3.51e+009,0)
(0,0) (0,0) (9.23,0) (6.52e+009,0) (2.543e+011,0) (-6.521e+009,0)
(0,0) (0,0) (0,0) (-3.51e+009,0) (-6.521e+009,0) (2.543e+011,0)
Active Matrix
(6,5)
(8.2,23)
(56.2,-5)
(2,-53)
(6200,4300)
(5300,-23300)
X Matrix
(1.06408e-005,8.86767e-006)
(1.45418e-005,4.07931e-005)
(9.96748e-005,-8.8687e-006)
(-4.08164e-006,-2.24454e-005)
(1.28204e-007,5.82477e-007)
(-3.22081e-008,-3.86493e-007)

-- Body 2 --
Reactive Matrix
(563823,0) (0,0) (0,0) (0,0) (0,0) (0,0)
(0,0) (563823,0) (0,0) (0,0) (0,0) (0,0)
(0,0) (0,0) (563823,0) (0,0) (0,0) (0,0)
(0,0) (0,0) (0,0) (2.32e+008,0) (6.52e+009,0) (-3.51e+009,0)
(0,0) (0,0) (0,0) (6.52e+009,0) (2.543e+011,0) (-6.521e+009,0)
(0,0) (0,0) (0,0) (-3.51e+009,0) (-6.521e+009,0) (2.543e+011,0)
Active Matrix
(12,9.99998)
(16.4001,45.9999)
(112.4,-9.99976)
(4.00002,-106)
(12399.8,8599.88)
(10600.1,-46599.8)
X Matrix
(2.12832e-005,1.7736e-005)
(2.90873e-005,8.15858e-005)
(0.000199353,-1.77356e-005)
(-8.16304e-006,-4.48906e-005)
(2.56401e-007,1.16495e-006)
(-6.4413e-008,-7.72981e-007)

